4 0.08413461538461539 0.46033653846153844 0.07692307692307693 0.02283653846153846
4 0.1045673076923077 0.6057692307692307 0.04447115384615385 0.028846153846153848
4 0.5072115384615384 0.6141826923076923 0.04447115384615385 0.03485576923076923
4 0.9122596153846154 0.6394230769230769 0.06370192307692307 0.042067307692307696
4 0.5132211538461539 0.49759615384615385 0.07091346153846154 0.026442307692307692
4 0.46634615384615385 0.48677884615384615 0.036057692307692304 0.019230769230769232
4 0.4699519230769231 0.46274038461538464 0.0625 0.018028846153846152
4 0.36899038461538464 0.47115384615384615 0.07211538461538461 0.02403846153846154
4 0.32091346153846156 0.4375 0.03125 0.015625
4 0.5853365384615384 0.45913461538461536 0.0673076923076923 0.016826923076923076
4 0.9266826923076923 0.4735576923076923 0.055288461538461536 0.015625
4 0.7331730769230769 0.5360576923076923 0.08413461538461539 0.027644230769230768
4 0.8858173076923077 0.5552884615384616 0.1466346153846154 0.042067307692307696
