2 0.06467089701601164 0.5172832767265083 0.08733624454148471 0.038816108685104475
2 0.2531716248180495 0.5243995633187775 0.02183406113537115 0.021995794921559134
2 0.29502024199417765 0.5263403687530327 0.016739446870451265 0.02070192463205579
2 0.3259518286026201 0.5101669901342392 0.033478893740902474 0.045285460132621816
2 0.3637975345705968 0.5179302118712601 0.02037845705967977 0.02975901665858013
2 0.442764055676856 0.5211648875950188 0.019650655021834083 0.031052886948083475
2 0.4831570687772926 0.5198710173055152 0.017467248908296894 0.025877405790069686
2 0.5111774472343522 0.5218118227397704 0.026928675400291032 0.024583535500566026
2 0.6487320323871906 0.48428958434416963 0.24672489082969426 0.1824357108199905
2 0.799023153202329 0.5127547307132461 0.02037845705967977 0.03234675723758703
