2 0.01597834359954687 0.4898899430441485 0.030586236193712826 0.061927688095912425
2 0.06992906577456812 0.47705127599987407 0.12999150382327954 0.05437553101104508
2 0.1383232883743982 0.494421237295069 0.11554800339847067 0.04380251109223073
2 0.21733773187482297 0.4951764530035557 0.08836023789294814 0.03927121684131028
2 0.3294872645851033 0.4846034330847414 0.1546304163126593 0.08458415935051446
2 0.5758763894789012 0.5223642185090783 0.13423959218351744 0.045312942509204285
2 0.6616877743557067 0.5253850813430252 0.03398470688190317 0.057396393844991976
2 0.7041686579580855 0.5185881399666445 0.047578589634664444 0.05588596242801853
2 0.9110505611016709 0.5510624154315743 0.06881903143585386 0.02416690267157559
2 0.9785951660294534 0.5555937096824947 0.07136788445199661 0.03020862833946949
