2 0.0625 0.515625 0.08173076923076923 0.036057692307692304
2 0.2548076923076923 0.5252403846153846 0.020432692307692308 0.015625
2 0.29447115384615385 0.5264423076923077 0.021634615384615384 0.018028846153846152
2 0.3317307692307692 0.5072115384615384 0.03125 0.05048076923076923
2 0.36177884615384615 0.5180288461538461 0.02403846153846154 0.03365384615384615
2 0.4411057692307692 0.5228365384615384 0.021634615384615384 0.026442307692307692
2 0.48677884615384615 0.5228365384615384 0.016826923076923076 0.02283653846153846
2 0.5096153846153846 0.5216346153846154 0.02403846153846154 0.02283653846153846
2 0.53125 0.5216346153846154 0.01201923076923077 0.021634615384615384
2 0.7055288461538461 0.47596153846153844 0.24759615384615385 0.19831730769230768
