2 0.06490384615384616 0.5168269230769231 0.08774038461538461 0.038461538461538464
2 0.2536057692307692 0.5240384615384616 0.021634615384615384 0.021634615384615384
2 0.29447115384615385 0.5264423076923077 0.016826923076923076 0.020432692307692308
2 0.32572115384615385 0.5096153846153846 0.03365384615384615 0.04567307692307692
2 0.3641826923076923 0.5180288461538461 0.020432692307692308 0.030048076923076924
2 0.4423076923076923 0.5216346153846154 0.019230769230769232 0.03125
2 0.4831730769230769 0.5204326923076923 0.018028846153846152 0.026442307692307692
2 0.5108173076923077 0.5216346153846154 0.027644230769230768 0.025240384615384616
2 0.6310096153846154 0.47475961538461536 0.24639423076923078 0.20192307692307693
2 0.7992788461538461 0.5132211538461539 0.020432692307692308 0.03245192307692308
