2 0.1421465678986123 0.4694991189150067 0.06542056074766353 0.04833380534315118
2 0.168909524568111 0.4740304131659271 0.07136788445199656 0.033229491173416385
2 0.24834877690455956 0.47705127599987407 0.12319456244689887 0.057396393844991976
2 0.3374926036092441 0.49477339121672925 0.027641210015702397 0.023094871996374246
2 0.410625752265647 0.4755408445829006 0.10790144435004248 0.05135466817709808
2 0.4683997539648825 0.49744210012901596 0.07221750212404424 0.06796941376380632
2 0.5299970351883319 0.4823377859592812 0.12404418011894655 0.06494855092985932
2 0.6179324642452564 0.49593166871204253 0.11129991503823279 0.058906825261965425
2 0.6935484370574908 0.49517645300355584 0.11299915038232793 0.057396393844991976
2 0.8175926171764374 0.4901911891006425 0.16057774001699238 0.0803894501110334
2 0.9382383266071934 0.5142916149968308 0.11639762107051818 0.07260252374505947
2 0.9909146222741433 0.49215559016960875 0.07391673746813936 0.08156329651656756
