2 0.009615384615384616 0.42788461538461536 0.019230769230769232 0.04326923076923077
2 0.042067307692307696 0.42427884615384615 0.056490384615384616 0.038461538461538464
2 0.09495192307692307 0.42788461538461536 0.027644230769230768 0.03365384615384615
2 0.16466346153846154 0.4170673076923077 0.09615384615384616 0.040865384615384616
2 0.28125 0.43509615384615385 0.020432692307692308 0.028846153846153848
2 0.3076923076923077 0.43149038461538464 0.013221153846153846 0.03125
2 0.49759615384615385 0.4014423076923077 0.22716346153846154 0.09254807692307693
2 0.6262019230769231 0.4206730769230769 0.0625 0.04326923076923077
2 0.7355769230769231 0.42908653846153844 0.03125 0.021634615384615384
2 0.7752403846153846 0.42788461538461536 0.02403846153846154 0.036057692307692304
2 0.9495192307692307 0.42427884615384615 0.02403846153846154 0.036057692307692304
