2 0.6274038461538461 0.6189903846153846 0.38341346153846156 0.15865384615384615
2 0.036057692307692304 0.4951923076923077 0.07211538461538461 0.06490384615384616
2 0.09014423076923077 0.5084134615384616 0.04567307692307692 0.038461538461538464
2 0.2608173076923077 0.5072115384615384 0.0733173076923077 0.0673076923076923
2 0.36177884615384615 0.5192307692307693 0.08413461538461539 0.05048076923076923
2 0.46033653846153844 0.5240384615384616 0.11899038461538461 0.052884615384615384
2 0.7103365384615384 0.5192307692307693 0.27524038461538464 0.09014423076923077
2 0.7019230769230769 0.5408653846153846 0.07572115384615384 0.08052884615384616
2 0.8305288461538461 0.5480769230769231 0.11298076923076923 0.04447115384615385
2 0.9206730769230769 0.5504807692307693 0.06610576923076923 0.042067307692307696
2 0.9759615384615384 0.5456730769230769 0.046875 0.07451923076923077
