2 0.8617788461538461 0.4723557692307692 0.27403846153846156 0.18389423076923078
2 0.7307692307692307 0.53125 0.037259615384615384 0.021634615384615384
2 0.6790865384615384 0.5240384615384616 0.055288461538461536 0.03125
2 0.6274038461538461 0.5324519230769231 0.040865384615384616 0.019230769230769232
2 0.5853365384615384 0.5204326923076923 0.06610576923076923 0.03365384615384615
2 0.5192307692307693 0.5228365384615384 0.07451923076923077 0.028846153846153848
2 0.46153846153846156 0.5240384615384616 0.026442307692307692 0.038461538461538464
2 0.4110576923076923 0.5168269230769231 0.06610576923076923 0.04326923076923077
2 0.31490384615384615 0.5204326923076923 0.0733173076923077 0.03365384615384615
2 0.16826923076923078 0.53125 0.03125 0.036057692307692304
2 0.014423076923076924 0.5216346153846154 0.02403846153846154 0.04807692307692308
