2 0.018102387779665816 0.4823377859592812 0.033135089209855556 0.07703200226564712
2 0.07672600715094875 0.4815825702507945 0.11979609175870859 0.04229207967525718
2 0.1370488618663268 0.5012181786714497 0.11469838572642309 0.036250354007363386
2 0.2169129230387992 0.4891347273356618 0.0875106202209006 0.04531294250920418
2 0.3311864999291985 0.494421237295069 0.15632965165675441 0.061927688095912425
2 0.5847973750354007 0.5208537870921047 0.11299915038232798 0.042292079675257284
2 0.6599885390116114 0.5223642185090783 0.037383177570093434 0.04833380534315108
2 0.6952476724015859 0.5291611598854589 0.05182667799490233 0.03776078542433673
2 0.9293173410506939 0.5495519840146008 0.10875106202209003 0.02114603983762859
2 0.975621504177287 0.5540832782655213 0.0756159728122346 0.02114603983762859
