2 0.5673076923076923 0.6045673076923077 0.3918269230769231 0.15985576923076922
2 0.9627403846153846 0.4951923076923077 0.06971153846153846 0.0673076923076923
2 0.9098557692307693 0.5084134615384616 0.04567307692307692 0.038461538461538464
2 0.7391826923076923 0.5072115384615384 0.0733173076923077 0.0673076923076923
2 0.6382211538461539 0.5192307692307693 0.08413461538461539 0.05048076923076923
2 0.5396634615384616 0.5240384615384616 0.11899038461538461 0.052884615384615384
2 0.28966346153846156 0.5192307692307693 0.27524038461538464 0.09014423076923077
2 0.2980769230769231 0.5408653846153846 0.07572115384615384 0.08052884615384616
2 0.16947115384615385 0.5480769230769231 0.11298076923076923 0.04447115384615385
2 0.07932692307692307 0.5504807692307693 0.06610576923076923 0.042067307692307696
2 0.02403846153846154 0.5456730769230769 0.046875 0.07451923076923077
