2 0.011305446403285187 0.4241861764058025 0.02293967714528462 0.042292079675257284
2 0.04104206492495044 0.42116531357185555 0.055225148683092605 0.057396393844991976
2 0.07502677180685359 0.4347591963246168 0.01444350042480885 0.03020862833946949
2 0.09329355175587653 0.43022790207369643 0.01869158878504673 0.036250354007363386
2 0.15574045065137357 0.41889966644639537 0.08751062022090059 0.03473992259038994
2 0.3006002637354856 0.4037953522766606 0.2107051826677994 0.07703200226564721
2 0.6391729060464458 0.4340039806161301 0.017841971112999153 0.016614745586708245
2 0.731356423463608 0.4324935491991566 0.0305862361937128 0.022656471254602142
2 0.7678899833616539 0.4272070392397494 0.02548853016142753 0.03322949117341628
2 0.9369639000991221 0.42494139211428916 0.02378929481733228 0.03171905975644294
