2 0.11198514054092325 0.47251998174895365 0.22259983007646555 0.18427263287076373
2 0.2118152170065137 0.523119434217565 0.026338147833474976 0.037760785424336835
2 0.25981861547720186 0.5314268070109192 0.05607476635514018 0.021146039837628694
2 0.3205662790286038 0.5246298656345384 0.055225148683092584 0.03171905975644294
2 0.37281776585952986 0.5321820227194058 0.04078164825828381 0.019635608420655246
2 0.4195467378221467 0.5208537870921047 0.05607476635514021 0.033229491173416385
2 0.4811440190455961 0.523119434217565 0.07391673746813936 0.02869819692249604
2 0.5389180207448315 0.5246298656345385 0.026338147833474917 0.037760785424336835
2 0.5890454633956387 0.5170777085496711 0.0654205607476636 0.04380251109223073
2 0.6854770691730389 0.5208537870921047 0.07306711979609186 0.033229491173416385
2 0.8320361176012462 0.5314268070109192 0.03143585386576042 0.036250354007363386
2 0.9378135177711697 0.5246298656345384 0.022090059473237035 0.03171905975644294
2 0.9866665339139054 0.5216090028005914 0.026338147833474917 0.04380251109223073
