2 0.9375 0.515625 0.08173076923076923 0.036057692307692304
2 0.7451923076923077 0.5252403846153846 0.020432692307692308 0.015625
2 0.7055288461538461 0.5264423076923077 0.021634615384615384 0.018028846153846152
2 0.6742788461538461 0.5084134615384616 0.03125 0.05048076923076923
2 0.6370192307692307 0.5168269230769231 0.02403846153846154 0.03365384615384615
2 0.5588942307692307 0.5228365384615384 0.021634615384615384 0.026442307692307692
2 0.5132211538461539 0.5228365384615384 0.016826923076923076 0.02283653846153846
2 0.49038461538461536 0.5216346153846154 0.02403846153846154 0.02283653846153846
2 0.46875 0.5216346153846154 0.01201923076923077 0.021634615384615384
2 0.3125 0.4795673076923077 0.24759615384615385 0.19831730769230768
