2 0.9507211538461539 0.46875 0.07692307692307693 0.038461538461538464
2 0.8581730769230769 0.4699519230769231 0.06610576923076923 0.04807692307692308
2 0.8305288461538461 0.4735576923076923 0.07091346153846154 0.03365384615384615
2 0.7512019230769231 0.47716346153846156 0.12379807692307693 0.057692307692307696
2 0.6622596153846154 0.49158653846153844 0.03125 0.042067307692307696
2 0.5889423076923077 0.47596153846153844 0.10817307692307693 0.05048076923076923
2 0.53125 0.49759615384615385 0.07211538461538461 0.0673076923076923
2 0.4699519230769231 0.48197115384615385 0.12379807692307693 0.06490384615384616
2 0.38221153846153844 0.4963942307692308 0.11177884615384616 0.05889423076923077
2 0.32211538461538464 0.4951923076923077 0.109375 0.057692307692307696
2 0.18269230769230768 0.48197115384615385 0.15985576923076922 0.0889423076923077
2 0.06129807692307692 0.5120192307692307 0.11658653846153846 0.0829326923076923
