2 0.06285139192139738 0.5159894064370047 0.08224163027656477 0.03622836810609737
2 0.25462722889374095 0.5250464984635292 0.0203784570596798 0.01552644347404179
2 0.29465634097525484 0.5263403687530327 0.02183406113537121 0.018114184053048685
2 0.331410343886463 0.5075792495552321 0.031295487627365344 0.050460941290635816
2 0.36161412845705976 0.5185771470160118 0.023289665211062585 0.033640627527090475
2 0.4413084516011645 0.523105693029274 0.02110625909752546 0.02717127607957313
2 0.4864321779475983 0.5224587578845221 0.016739446870451206 0.023289665211062578
2 0.5089940411208151 0.5211648875950188 0.024017467248908336 0.023289665211062686
2 0.5311920032751092 0.5218118227397706 0.011644832605531204 0.021995794921559238
2 0.7058644923580784 0.47523249231764536 0.24745269286754024 0.1979621542940322
